1.110000000000000000e+02
0.000000000000000000e+00
0.000000000000000000e+00
1.000000000000000000e+00
3.000000000000000000e+00
1.140000000000000000e+02
3.200000000000000000e+01
3.200000000000000000e+01
1.110000000000000000e+02
0.000000000000000000e+00
0.000000000000000000e+00
1.000000000000000000e+00
2.000000000000000000e+00
1.140000000000000000e+02
1.170000000000000000e+02
1.040000000000000000e+02
1.000000000000000000e+00
1.000000000000000000e+00
1.080000000000000000e+02
1.170000000000000000e+02
1.020000000000000000e+02
1.000000000000000000e+00
1.000000000000000000e+00
2.000000000000000000e+00
9.900000000000000000e+01
2.000000000000000000e+00
1.110000000000000000e+02
3.200000000000000000e+01
0.000000000000000000e+00
0.000000000000000000e+00
1.000000000000000000e+00
1.000000000000000000e+00
1.140000000000000000e+02
3.200000000000000000e+01
